3742
5
12
14
18
25
32
37
52
67
71
74
78
91
126
127
129
131
136
153
168
171
171
190
194
202
202
203
223
228
251
252
254
262
270
272
274
278
283
285
287
297
326
348
354
355
366
368
383
399
406
415
419
422
434
434
442
443
456
463
491
501
501
504
506
515
522
522
531
543
547
551
565
571
575
599
602
616
619
624
631
634
634
641
646
659
666
675
677
699
701
702
706
711
717
721
736
736
739
745
781
790
818
823
841
844
851
874
885
910
910
914
916
917
924
943
945
946
952
968
972
973
990
1001
1018
1027
1054
1057
1058
1060
1066
1072
1096
1116
1127
1144
1146
1147
1152
1176
1202
1204
1213
1254
1254
1274
1275
1276
1277
1285
1294
1296
1297
1299
1320
1322
1323
1323
1332
1350
1351
1355
1369
1404
1409
1414
1426
1452
1457
1476
1487
1494
1496
1499
1501
1502
1524
1528
1534
1573
1584
1587
1595
1595
1610
1613
1617
1630
1630
1630
1638
1646
1648
1649
1654
1656
1667
1668
1668
1670
1685
1685
1700
1700
1708
1717
1728
1734
1751
1754
1755
1759
1763
1763
1766
1773
1776
1784
1790
1813
1813
1825
1836
1838
1856
1858
1860
1884
1893
1916
1943
1959
1964
1965
1968
1974
1984
1987
1990
2002
2026
2028
2030
2036
2039
2042
2047
2047
2057
2060
2087
2095
2096
2107
2126
2136
2160
2167
2180
2187
2192
2197
2204
2205
2206
2215
2220
2233
2236
2244
2257
2281
2284
2294
2313
2336
2352
2362
2364
2377
2385
2392
2396
2402
2407
2425
2452
2453
2468
2474
2477
2485
2490
2518
2520
2523
2528
2534
2544
2553
2555
2556
2585
2587
2592
2599
2611
2619
2623
2630
2638
2660
2688
2689
2707
2711
2713
2716
2717
2722
2725
2727
2737
2739
2748
2751
2751
2760
2774
2777
2781
2790
2791
2796
2798
2803
2807
2812
2817
2820
2841
2841
2851
2862
2885
2888
2888
2888
2889
2891
2899
2903
2906
2916
2917
2921
2929
2935
2942
2947
2947
2971
2973
2986
2990
2991
3000
3016
3019
3043
3055
3073
3073
3078
3083
3093
3103
3120
3136
3137
3138
3142
3143
3149
3151
3160
3176
3179
3204
3212
3214
3215
3221
3244
3246
3248
3261
3287
3287
3290
3291
3310
3316
3318
3328
3341
3351
3363
3379
3384
3391
3397
3399
3405
3410
3411
3439
3445
3462
3464
3467
3480
3483
3486
3500
3518
3522
3529
3529
3544
3560
3574
3575
3577
3579
3584
3595
3612
3615
3616
3628
3630
3630
3645
3648
3671
3671
3672
3672
3684
3686
3703
3726
3732
3742
3756
3764
3771
3776
3776
3776
3777
3785
3794
3804
3806
3812
3816
3833
3854
3867
3875
3876
3889
3894
3900
3913
3916
3930
3947
3953
3981
3996
3997
4013
4026
4034
4044
4045
4048
4048
4052
4054
4075
4078
4083
4102
4115
4127
4137
4138
4152
4166
4177
4177
4196
4216
4216
4223
4238
4242
4244
4244
4264
4273
4274
4279
4284
4295
4299
4301
4316
4324
4346
4347
4352
4362
4366
4388
4389
4397
4404
4408
4413
4425
4437
4449
4462
4463
4464
4469
4488
4534
4537
4537
4539
4546
4554
4563
4563
4563
4565
4567
4575
4593
4605
4616
4617
4624
4643
4651
4653
4654
4663
4665
4687
4704
4708
4710
4721
4723
4726
4731
4732
4753
4768
4779
4790
4793
4795
4796
4802
4803
4810
4814
4843
4848
4852
4876
4878
4908
4914
4916
4923
4930
4936
4947
4953
4954
4956
4960
4962
4966
4975
4981
4982
4988
4994
5011
5025
5035
5039
5040
5043
5047
5052
5056
5059
5061
5072
5090
5101
5102
5108
5110
5118
5128
5134
5137
5139
5154
5155
5158
5163
5164
5176
5183
5189
5191
5211
5213
5214
5233
5243
5253
5255
5261
5267
5271
5291
5293
5304
5308
5309
5317
5330
5330
5336
5362
5368
5385
5395
5412
5433
5454
5518
5527
5577
5584
5584
5605
5635
5639
5652
5660
5662
5665
5667
5686
5687
5689
5695
5696
5701
5702
5722
5725
5729
5730
5731
5734
5748
5758
5760
5763
5777
5781
5787
5788
5789
5792
5792
5797
5799
5814
5815
5821
5823
5828
5833
5836
5836
5836
5838
5845
5860
5863
5864
5874
5895
5911
5920
5939
5941
5950
5966
5986
5998
6001
6002
6007
6011
6012
6035
6038
6054
6066
6081
6081
6101
6108
6127
6139
6143
6156
6157
6165
6167
6172
6176
6177
6190
6200
6222
6248
6251
6266
6273
6279
6287
6293
6318
6321
6323
6334
6335
6341
6357
6362
6363
6374
6376
6385
6415
6416
6423
6424
6429
6444
6458
6459
6460
6460
6472
6472
6479
6484
6486
6497
6498
6503
6508
6524
6532
6533
6534
6537
6547
6549
6554
6555
6559
6572
6580
6584
6592
6603
6606
6620
6629
6645
6679
6682
6690
6692
6700
6717
6726
6727
6739
6782
6793
6809
6812
6812
6816
6817
6831
6832
6842
6855
6864
6904
6916
6930
6949
6949
6966
6983
6986
6989
6992
7001
7001
7023
7042
7045
7065
7074
7077
7090
7093
7098
7099
7105
7113
7146
7148
7148
7170
7182
7220
7224
7240
7242
7252
7255
7262
7273
7279
7280
7286
7295
7298
7300
7309
7350
7350
7350
7370
7372
7372
7416
7440
7446
7448
7473
7483
7484
7489
7497
7508
7522
7526
7530
7535
7535
7542
7543
7547
7551
7556
7564
7582
7583
7584
7588
7608
7618
7620
7633
7635
7638
7640
7663
7666
7675
7676
7676
7742
7758
7761
7780
7781
7784
7787
7789
7789
7794
7801
7808
7816
7821
7823
7823
7833
7837
7838
7842
7848
7852
7855
7888
7893
7897
7904
7906
7936
7941
7973
7986
7989
7993
8003
8009
8010
8013
8015
8017
8024
8031
8038
8045
8047
8049
8068
8071
8074
8074
8077
8097
8098
8108
8112
8126
8127
8131
8136
8143
8151
8162
8172
8177
8181
8183
8198
8217
8217
8225
8236
8243
8255
8256
8266
8272
8285
8294
8306
8307
8325
8330
8335
8348
8356
8357
8360
8376
8391
8396
8402
8405
8410
8411
8412
8415
8428
8436
8445
8448
8456
8464
8472
8483
8486
8498
8498
8505
8532
8534
8540
8541
8551
8554
8581
8585
8590
8609
8611
8614
8636
8638
8651
8656
8658
8680
8686
8690
8691
8719
8720
8722
8743
8753
8755
8770
8782
8786
8789
8789
8831
8832
8849
8868
8876
8877
8883
8886
8890
8897
8904
8933
8960
8977
8978
8993
8995
9003
9016
9020
9037
9040
9041
9042
9046
9053
9058
9061
9072
9087
9103
9130
9131
9143
9144
9161
9169
9170
9181
9183
9183
9186
9192
9193
9194
9209
9213
9221
9223
9238
9240
9279
9294
9312
9323
9328
9340
9349
9353
9356
9365
9395
9397
9403
9410
9414
9415
9426
9437
9463
9472
9477
9478
9494
9504
9508
9509
9511
9513
9544
9551
9552
9563
9563
9566
9566
9576
9582
9585
9594
9613
9615
9622
9624
9638
9652
9658
9666
9677
9679
9681
9683
9701
9704
9730
9742
9754
9760
9762
9764
9766
9773
9798
9803
9815
9839
9843
9850
9860
9863
9870
9897
9898
9912
9914
9936
9945
9947
9958
9960
9968
9972
9987
9998
10004
10008
10019
10038
10042
10047
10049
10056
10056
10072
10081
10088
10101
10114
10134
10140
10143
10147
10163
10164
10169
10170
10172
10174
10177
10187
10188
10200
10236
10251
10259
10272
10281
10292
10294
10314
10316
10320
10322
10323
10326
10336
10338
10343
10349
10358
10372
10374
10385
10390
10396
10412
10419
10422
10431
10435
10451
10480
10481
10503
10514
10517
10518
10522
10527
10528
10536
10537
10542
10546
10548
10570
10574
10577
10578
10580
10587
10591
10609
10632
10641
10651
10657
10658
10673
10683
10703
10715
10736
10742
10750
10765
10772
10772
10776
10777
10785
10815
10815
10815
10833
10837
10844
10846
10847
10858
10864
10888
10891
10923
10929
10939
10948
10963
10968
10979
10982
10988
10991
10995
10996
10997
11009
11012
11016
11018
11034
11042
11046
11061
11063
11064
11070
11081
11088
11114
11136
11138
11158
11188
11191
11196
11209
11215
11248
11251
11257
11261
11269
11273
11274
11276
11297
11304
11327
11330
11330
11332
11341
11350
11354
11365
11386
11390
11391
11394
11396
11402
11407
11414
11416
11425
11443
11443
11450
11457
11472
11484
11492
11510
11518
11535
11545
11547
11557
11557
11565
11566
11579
11594
11627
11630
11652
11652
11654
11657
11659
11673
11706
11721
11746
11758
11761
11775
11776
11789
11805
11816
11829
11836
11836
11840
11842
11843
11863
11913
11930
11935
11943
11972
11996
12005
12019
12020
12039
12061
12062
12073
12082
12088
12089
12095
12102
12131
12137
12160
12180
12192
12209
12223
12228
12244
12265
12268
12280
12280
12284
12287
12299
12326
12329
12335
12343
12362
12372
12374
12402
12404
12418
12438
12444
12448
12457
12464
12486
12490
12492
12497
12498
12503
12503
12513
12522
12545
12548
12548
12549
12551
12552
12554
12561
12562
12581
12631
12673
12696
12702
12702
12704
12705
12713
12720
12735
12759
12778
12807
12814
12815
12816
12837
12851
12854
12856
12872
12878
12882
12903
12905
12913
12928
12928
12929
12930
12937
12945
12950
12964
12967
12992
13003
13005
13007
13015
13034
13038
13050
13068
13072
13095
13117
13120
13126
13126
13144
13148
13162
13177
13177
13190
13194
13207
13216
13220
13222
13232
13232
13242
13243
13247
13270
13270
13283
13286
13287
13297
13322
13334
13339
13342
13359
13370
13379
13387
13389
13417
13430
13432
13443
13450
13458
13463
13470
13480
13480
13488
13492
13496
13496
13545
13547
13553
13574
13579
13584
13594
13595
13600
13601
13604
13608
13623
13640
13644
13660
13671
13672
13677
13679
13695
13705
13711
13720
13727
13733
13747
13753
13754
13764
13798
13798
13815
13825
13832
13833
13844
13848
13849
13852
13854
13861
13863
13870
13891
13900
13906
13916
13923
13930
13931
13954
13959
13961
13970
13975
13979
14010
14018
14022
14023
14028
14036
14045
14046
14060
14106
14117
14120
14123
14128
14135
14143
14153
14162
14163
14166
14174
14176
14178
14182
14186
14187
14187
14188
14203
14224
14242
14255
14272
14277
14281
14282
14288
14291
14294
14295
14301
14309
14316
14318
14320
14327
14355
14356
14361
14365
14374
14391
14398
14398
14398
14402
14422
14425
14427
14450
14463
14481
14484
14491
14500
14510
14516
14520
14522
14529
14532
14537
14540
14567
14590
14599
14609
14610
14612
14617
14621
14626
14628
14646
14651
14652
14661
14673
14690
14695
14696
14696
14732
14734
14749
14751
14755
14777
14790
14800
14805
14813
14830
14838
14840
14849
14855
14867
14875
14880
14885
14887
14904
14906
14912
14919
14937
14937
14940
14944
14946
14962
14979
14980
14985
14986
14991
15005
15024
15041
15069
15073
15103
15109
15117
15134
15139
15140
15145
15148
15211
15212
15219
15227
15227
15243
15243
15253
15258
15264
15271
15291
15292
15293
15295
15302
15303
15306
15309
15312
15318
15322
15327
15335
15355
15371
15377
15382
15402
15404
15405
15420
15437
15439
15449
15455
15455
15477
15478
15501
15502
15502
15507
15516
15543
15568
15578
15587
15591
15599
15641
15647
15659
15664
15670
15683
15693
15713
15722
15732
15739
15748
15756
15758
15759
15768
15781
15787
15789
15791
15816
15837
15857
15860
15872
15880
15894
15895
15911
15933
15944
15946
15958
15959
15962
15962
15970
15981
15987
16005
16008
16009
16010
16027
16032
16032
16041
16068
16080
16089
16093
16101
16106
16109
16114
16151
16154
16176
16181
16190
16194
16196
16208
16231
16232
16264
16268
16270
16282
16291
16305
16310
16321
16323
16325
16337
16344
16360
16365
16369
16372
16377
16392
16394
16394
16396
16397
16398
16410
16443
16456
16462
16468
16469
16484
16500
16508
16518
16519
16524
16525
16528
16537
16551
16558
16561
16575
16579
16581
16584
16584
16595
16596
16596
16638
16656
16666
16691
16693
16696
16701
16709
16735
16750
16752
16758
16764
16773
16777
16792
16825
16829
16842
16845
16877
16882
16911
16926
16936
16940
16941
16950
16950
16964
16966
16973
16977
16982
16993
17005
17014
17029
17051
17051
17078
17082
17095
17102
17125
17130
17142
17143
17174
17182
17190
17192
17200
17225
17230
17254
17255
17258
17264
17271
17273
17273
17275
17288
17295
17306
17317
17322
17324
17342
17345
17348
17349
17351
17352
17353
17360
17375
17376
17377
17380
17382
17386
17398
17408
17413
17415
17422
17429
17431
17433
17436
17439
17439
17452
17464
17466
17469
17478
17479
17479
17485
17488
17508
17514
17541
17550
17558
17564
17575
17579
17582
17583
17590
17600
17601
17607
17616
17625
17642
17655
17669
17682
17689
17693
17707
17723
17738
17748
17754
17754
17755
17767
17771
17790
17798
17799
17802
17810
17813
17820
17889
17891
17901
17902
17913
17925
17932
17934
17945
17947
17948
17951
17968
17974
17976
17983
17992
17999
18002
18011
18028
18043
18057
18063
18064
18064
18069
18071
18075
18088
18094
18103
18114
18123
18125
18126
18128
18136
18162
18170
18173
18178
18190
18190
18192
18226
18245
18246
18250
18260
18283
18285
18290
18308
18314
18319
18325
18328
18329
18334
18341
18341
18354
18363
18375
18379
18379
18387
18406
18410
18425
18455
18463
18479
18480
18487
18507
18513
18533
18540
18559
18565
18575
18595
18620
18623
18637
18644
18647
18648
18659
18671
18672
18679
18686
18686
18698
18708
18717
18722
18733
18768
18769
18769
18797
18801
18805
18810
18813
18818
18833
18858
18875
18875
18878
18884
18887
18895
18915
18935
18942
18966
18966
18977
18987
19000
19054
19070
19071
19071
19081
19083
19085
19097
19113
19116
19119
19120
19123
19130
19136
19150
19151
19169
19176
19189
19197
19199
19201
19219
19223
19226
19229
19232
19240
19248
19255
19275
19278
19290
19295
19301
19302
19329
19333
19333
19347
19350
19351
19361
19370
19385
19400
19408
19414
19414
19427
19438
19452
19455
19458
19459
19461
19462
19467
19499
19500
19539
19541
19544
19548
19566
19570
19594
19599
19602
19613
19621
19626
19642
19643
19644
19644
19645
19680
19696
19702
19703
19706
19711
19735
19753
19774
19796
19833
19833
19837
19841
19851
19919
19922
19937
19948
19958
19980
19980
19984
19986
19998
19998
20001
20042
20046
20084
20088
20112
20138
20139
20153
20154
20160
20170
20200
20201
20216
20221
20243
20265
20271
20287
20297
20298
20302
20306
20314
20322
20327
20340
20353
20354
20366
20371
20379
20387
20393
20398
20411
20438
20439
20445
20450
20462
20464
20464
20465
20496
20510
20514
20518
20521
20542
20542
20553
20557
20559
20562
20590
20591
20599
20625
20627
20631
20638
20643
20649
20651
20657
20662
20678
20678
20689
20697
20703
20719
20723
20732
20760
20764
20806
20809
20809
20816
20820
20824
20825
20827
20837
20853
20860
20861
20867
20878
20887
20888
20891
20892
20892
20900
20906
20914
20925
20931
20950
20961
20983
20993
20995
21004
21008
21012
21015
21038
21063
21093
21097
21098
21102
21107
21110
21116
21139
21162
21168
21175
21179
21184
21199
21203
21227
21229
21242
21267
21271
21321
21328
21335
21336
21349
21369
21378
21385
21386
21387
21387
21393
21404
21410
21414
21415
21420
21424
21432
21440
21447
21471
21489
21502
21531
21547
21549
21552
21572
21577
21578
21580
21584
21585
21586
21602
21608
21609
21611
21612
21619
21642
21652
21669
21684
21686
21692
21714
21716
21718
21725
21733
21744
21756
21759
21772
21786
21786
21788
21789
21799
21803
21804
21817
21829
21832
21837
21857
21862
21876
21883
21887
21897
21901
21913
21919
21924
21931
21944
21947
21957
21958
21965
21978
21982
21983
21985
21985
21992
22005
22010
22015
22016
22018
22023
22026
22031
22035
22045
22054
22063
22070
22072
22082
22084
22097
22099
22103
22109
22112
22113
22122
22128
22134
22139
22139
22144
22163
22177
22180
22217
22221
22231
22232
22232
22255
22257
22261
22283
22288
22291
22304
22328
22347
22351
22377
22387
22395
22407
22414
22417
22418
22420
22425
22427
22455
22459
22467
22471
22475
22487
22487
22487
22498
22503
22506
22511
22513
22517
22520
22535
22553
22568
22574
22585
22589
22591
22598
22615
22627
22629
22642
22644
22653
22664
22673
22674
22677
22688
22720
22760
22777
22780
22798
22805
22805
22818
22822
22826
22827
22827
22831
22837
22852
22856
22862
22870
22886
22912
22937
22943
22950
22962
22966
22974
22982
22983
22991
22994
23022
23025
23029
23031
23042
23055
23059
23059
23059
23060
23068
23076
23080
23086
23100
23101
23104
23105
23114
23125
23129
23144
23145
23147
23148
23170
23176
23181
23191
23199
23219
23257
23275
23297
23323
23337
23341
23344
23344
23348
23350
23354
23355
23365
23372
23421
23430
23435
23436
23436
23437
23449
23453
23459
23463
23465
23465
23466
23480
23486
23524
23527
23542
23564
23565
23572
23580
23614
23618
23623
23626
23628
23629
23632
23633
23635
23659
23662
23672
23676
23684
23691
23696
23707
23709
23722
23724
23724
23744
23750
23774
23783
23784
23800
23802
23811
23813
23817
23821
23840
23841
23848
23849
23851
23851
23856
23870
23873
23914
23917
23933
23934
23938
23967
23967
23969
23972
23988
23989
23999
24010
24015
24067
24069
24071
24083
24085
24088
24095
24098
24119
24127
24143
24143
24148
24164
24167
24180
24180
24183
24188
24189
24199
24206
24225
24231
24233
24234
24245
24262
24271
24281
24312
24315
24320
24321
24325
24326
24340
24341
24355
24379
24389
24392
24403
24410
24417
24438
24465
24468
24479
24481
24485
24491
24512
24523
24549
24552
24559
24561
24572
24592
24619
24640
24658
24669
24675
24681
24688
24697
24708
24708
24712
24723
24743
24760
24770
24771
24776
24791
24804
24805
24811
24816
24826
24835
24850
24853
24874
24881
24890
24892
24895
24900
24916
24918
24920
24926
24962
24977
24985
24997
25005
25016
25020
25020
25024
25034
25042
25062
25065
25075
25080
25085
25091
25096
25104
25118
25119
25126
25128
25135
25141
25151
25167
25170
25173
25173
25188
25200
25216
25217
25231
25257
25259
25260
25294
25306
25324
25331
25333
25334
25335
25345
25350
25356
25372
25374
25381
25385
25390
25407
25408
25414
25419
25422
25428
25429
25430
25433
25434
25434
25453
25455
25466
25483
25505
25516
25522
25525
25533
25535
25552
25557
25557
25575
25577
25586
25601
25611
25617
25653
25655
25657
25660
25665
25667
25668
25668
25672
25678
25681
25698
25710
25712
25715
25715
25716
25722
25722
25738
25743
25765
25776
25801
25818
25833
25856
25861
25874
25884
25892
25904
25926
25931
25934
25952
25955
25965
25974
25981
26003
26010
26039
26046
26050
26075
26080
26087
26094
26107
26116
26123
26125
26129
26130
26150
26155
26159
26167
26175
26177
26182
26195
26199
26218
26224
26226
26227
26245
26247
26263
26267
26268
26269
26280
26286
26295
26295
26308
26311
26329
26332
26334
26340
26364
26378
26387
26387
26397
26401
26402
26413
26414
26419
26422
26426
26447
26481
26482
26482
26483
26493
26495
26521
26529
26542
26553
26554
26559
26570
26573
26579
26581
26611
26611
26611
26612
26622
26654
26663
26667
26677
26688
26697
26702
26705
26709
26715
26718
26728
26767
26780
26786
26788
26791
26795
26799
26817
26820
26829
26830
26842
26865
26869
26870
26875
26877
26879
26880
26901
26903
26906
26906
26908
26913
26917
26919
26920
26924
26927
26940
26954
26966
26974
26980
26998
27008
27008
27012
27013
27019
27047
27057
27060
27062
27064
27080
27087
27099
27121
27126
27141
27148
27161
27203
27203
27212
27212
27219
27258
27261
27262
27274
27283
27285
27287
27295
27312
27315
27328
27333
27357
27389
27397
27403
27410
27422
27435
27441
27469
27473
27492
27500
27533
27539
27541
27541
27541
27542
27558
27561
27577
27591
27594
27600
27600
27609
27635
27637
27656
27675
27679
27682
27696
27707
27724
27734
27736
27770
27780
27796
27804
27811
27822
27830
27832
27852
27878
27910
27917
27921
27924
27924
27932
27941
27942
27965
27973
27976
27979
27992
28005
28008
28032
28035
28040
28040
28049
28050
28055
28088
28096
28097
28112
28113
28138
28139
28148
28160
28164
28172
28189
28193
28195
28198
28208
28210
28212
28218
28219
28220
28233
28248
28257
28257
28271
28272
28286
28290
28301
28346
28356
28363
28383
28404
28420
28427
28444
28452
28462
28464
28475
28475
28478
28493
28525
28543
28546
28561
28570
28581
28584
28590
28600
28604
28606
28618
28624
28626
28632
28644
28646
28650
28657
28657
28675
28678
28688
28693
28694
28710
28729
28749
28750
28768
28772
28786
28788
28791
28791
28792
28793
28798
28821
28822
28823
28829
28833
28839
28846
28848
28854
28890
28898
28934
28955
28956
28980
28988
28995
29041
29041
29046
29047
29049
29065
29069
29074
29081
29084
29116
29117
29121
29140
29157
29166
29189
29195
29196
29200
29219
29224
29227
29241
29246
29251
29278
29284
29286
29287
29288
29293
29319
29335
29345
29355
29388
29393
29402
29403
29408
29409
29420
29429
29435
29436
29447
29452
29467
29468
29471
29476
29480
29486
29489
29489
29490
29498
29505
29511
29532
29532
29551
29573
29575
29588
29590
29590
29595
29599
29605
29612
29664
29671
29705
29712
29732
29734
29748
29754
29763
29792
29794
29796
29805
29812
29852
29866
29868
29869
29889
29904
29922
29925
29929
29935
29944
29945
29946
29954
29956
29956
29961
29970
29990
30022
30026
30033
30045
30078
30086
30105
30117
30118
30139
30154
30172
30184
30193
30196
30218
30219
30225
30227
30232
30240
30247
30280
30282
30291
30295
30313
30321
30364
30376
30376
30377
30382
30383
30388
30392
30396
30400
30409
30416
30426
30431
30450
30452
30461
30470
30481
30481
30495
30508
30516
30519
30522
30531
30542
30545
30553
30569
30578
30595
30611
30619
30624
30634
30640
30641
30658
30662
30668
30669
30671
30677
30682
30699
30712
30731
30742
30742
30750
30758
30764
30771
30780
30784
30786
30795
30820
30833
30839
30847
30854
30857
30868
30887
30915
30944
30952
30955
30960
30963
30966
30967
30979
30997
31002
31010
31012
31018
31021
31027
31035
31042
31045
31067
31068
31079
31080
31093
31109
31109
31109
31112
31115
31115
31121
31125
31132
31141
31145
31145
31146
31150
31153
31163
31173
31177
31220
31224
31232
31246
31253
31263
31274
31276
31280
31286
31289
31300
31306
31314
31319
31329
31333
31346
31352
31368
31371
31374
31386
31394
31407
31408
31410
31411
31414
31422
31427
31428
31441
31452
31452
31456
31471
31474
31488
31490
31491
31492
31495
31500
31502
31505
31528
31556
31561
31572
31582
31631
31633
31650
31653
31656
31657
31662
31671
31674
31675
31688
31698
31699
31705
31706
31706
31714
31717
31721
31729
31746
31753
31788
31793
31795
31804
31817
31823
31824
31844
31846
31848
31876
31888
31909
31910
31912
31917
31926
31934
31944
31953
31961
31966
31971
31982
31982
31983
31986
31995
31996
32006
32016
32025
32028
32032
32042
32048
32057
32059
32065
32074
32078
32078
32080
32102
32106
32138
32144
32148
32164
32190
32194
32194
32202
32227
32229
32231
32235
32238
32241
32252
32258
32260
32283
32287
32294
32306
32307
32321
32322
32355
32363
32364
32375
32386
32393
32432
32437
32445
32451
32454
32463
32465
32466
32467
32489
32526
32539
32545
32553
32566
32571
32582
32610
32619
32634
32639
32639
32640
32641
32642
32651
32654
32656
32656
32662
32670
32691
32698
32721
32726
32737
32759
32764

